symbol  frontage    openness    f1  f2
i   0   0   0	240	2400
y   0   0   1	235	2100
e   0   2   0	390	2300
ø   0   2   1	370	1900
ɛ   0   4   0	610	1900
ε   0   4   0	610	1900
œ   0   4   1	585	1710
æ   0   5   0	730	1760
a   0   6   0	850	1610
ɶ   0   6   1	820	1530
ɯ   4   0   0	300	1390
u   4   0   1	250	595
ɤ   4   2   0	460	1310
o   4   2   1	360	640
ʌ   4   4   0	600	1170
ɔ   4   4   1	500	700
ɑ   4   6   0	750	940
ɒ   4   6   1	700 760
ɨ   2   0   0	i	ɯ
ʉ   2   0   1	y	u
ɘ   2   2   0	e	ɤ
ɵ   2   2   1	ø	o
ɜ   2   4   0	ɛ	ʌ
ɞ   2   4   1	œ	ɔ
ɐ   2   5   0	æ	ʌ
ä   2   6   0	a	ɑ
ɪ   1   1   0	i	ɘ
ʏ   1   1   1	y	ɵ
ə   2   3   0	ɘ	ɜ
ʊ   3   1   1	ɵ	u
ã   0   6   0	850	1610
ẽ   0   2   0	390	2300
ĩ   0   0   0	240	240
õ   4   2   1	360	640
ũ   4   0   1	250	595
ê   0   2   0	390	2300